22/02/2008 12:43:13
108,7000000000	0,0006876668	0,0004224918	1200,0000000000
107,8000000000	0,0006893771	0,0004191368	1200,0000000000
106,6000000000	0,0006810368	0,0004198210	1188,0000000000
105,5000000000	0,0006700887	0,0004228932	1176,0000000000
104,2000000000	0,0006676183	0,0004222270	1164,0000000000
103,1000000000	0,0006666259	0,0004241272	1152,0000000000
101,8000000000	0,0006723058	0,0004197508	1140,0000000000
100,7000000000	0,0006781757	0,0004228089	1128,0000000000
99,5000000000	0,0006835389	0,0004185829	1116,0000000000
98,3000000000	0,0006836761	0,0004237239	1104,0000000000
97,1000000000	0,0006769722	0,0004365281	1092,0000000000
95,9000000000	0,0006773733	0,0004278114	1080,0000000000
94,7000000000	0,0006727598	0,0004220544	1068,0000000000
93,5000000000	0,0006688113	0,0004148326	1056,0000000000
92,3000000000	0,0006780385	0,0004118066	1044,0000000000
91,1000000000	0,0006754308	0,0004163757	1032,0000000000
89,9000000000	0,0006710389	0,0004250222	1020,0000000000
88,7000000000	0,0006697403	0,0004327457	1008,0000000000
87,5000000000	0,0006668371	0,0004231420	996,0000000000
86,2000000000	0,0006658658	0,0004122521	984,0000000000
85,1000000000	0,0006705849	0,0004150734	972,0000000000
83,8000000000	0,0006824092	0,0004242777	960,0000000000
82,6000000000	0,0006789042	0,0004291719	948,0000000000
81,4000000000	0,0006678400	0,0004219781	936,0000000000
80,2000000000	0,0006640921	0,0004197227	924,0000000000
79,1000000000	0,0006623079	0,0004268683	912,0000000000
77,8000000000	0,0006605132	0,0004303096	900,0000000000
76,6000000000	0,0006648628	0,0004315939	888,0000000000
75,4000000000	0,0006772889	0,0004238764	876,0000000000
74,2000000000	0,0006737099	0,0004212216	864,0000000000
73,0000000000	0,0006606399	0,0004277371	852,0000000000
71,8000000000	0,0006627830	0,0004284033	840,0000000000
70,5000000000	0,0006714718	0,0004286421	828,0000000000
69,3000000000	0,0006704899	0,0004260195	816,0000000000
68,1000000000	0,0006673227	0,0004174412	804,0000000000
66,9000000000	0,0006658763	0,0004137751	792,0000000000
65,7000000000	0,0006642294	0,0004182298	780,0000000000
64,5000000000	0,0006667526	0,0004174592	768,0000000000
63,3000000000	0,0006694236	0,0004072154	756,0000000000
62,1000000000	0,0006696348	0,0004089552	744,0000000000
60,8000000000	0,0006704160	0,0004186973	732,0000000000
59,6000000000	0,0006752830	0,0004178224	720,0000000000
58,4000000000	0,0006735621	0,0004121477	708,0000000000
57,2000000000	0,0006620862	0,0004122139	696,0000000000
55,9000000000	0,0006533869	0,0004171141	684,0000000000
54,8000000000	0,0006576416	0,0004118126	672,0000000000
53,5000000000	0,0006579794	0,0004082709	660,0000000000
52,3000000000	0,0006584967	0,0004163395	648,0000000000
51,0000000000	0,0006669321	0,0004173589	636,0000000000
49,8000000000	0,0006631209	0,0004134079	624,0000000000
48,6000000000	0,0006651162	0,0004182478	612,0000000000
47,3000000000	0,0006640288	0,0004222370	600,0000000000
46,0000000000	0,0006440753	0,0004074241	588,0000000000
44,8000000000	0,0006424600	0,0004102936	576,0000000000
43,6000000000	0,0006487945	0,0004196745	564,0000000000
42,4000000000	0,0006494912	0,0004065874	552,0000000000
41,1000000000	0,0006429245	0,0004009267	540,0000000000
39,9000000000	0,0006429245	0,0004228671	528,0000000000
38,6000000000	0,0006401691	0,0004347463	516,0000000000
37,3000000000	0,0006392506	0,0004188879	504,0000000000
36,1000000000	0,0006380787	0,0004160446	492,0000000000
34,8000000000	0,0006361889	0,0004195341	480,0000000000
33,7000000000	0,0006367907	0,0004237159	468,0000000000
32,5000000000	0,0006337924	0,0004286983	456,0000000000
31,3000000000	0,0006236573	0,0004271833	444,0000000000
30,0000000000	0,0006259694	0,0004164820	432,0000000000
28,8000000000	0,0006289888	0,0004093826	420,0000000000
27,5000000000	0,0006167105	0,0004124507	408,0000000000
26,2000000000	0,0006089403	0,0004101010	396,0000000000
25,0000000000	0,0006153803	0,0004090936	384,0000000000
23,7000000000	0,0006167422	0,0004118949	372,0000000000
22,5000000000	0,0006111362	0,0004052389	360,0000000000
21,3000000000	0,0006130471	0,0004002204	348,0000000000
20,0000000000	0,0006080640	0,0004002946	336,0000000000
18,8000000000	0,0005926291	0,0004026223	324,0000000000
17,6000000000	0,0005898631	0,0004024557	312,0000000000
16,3000000000	0,0005864636	0,0003933437	300,0000000000
15,1000000000	0,0005760645	0,0003944112	288,0000000000
13,8000000000	0,0005749032	0,0003964880	276,0000000000
12,6000000000	0,0005747237	0,0003951597	264,0000000000
11,4000000000	0,0005669535	0,0003859553	252,0000000000
10,1000000000	0,0005557943	0,0003716601	240,0000000000
9,0000000000	0,0005474856	0,0003759543	228,0000000000
7,7000000000	0,0005459126	0,0003787877	216,0000000000
6,4000000000	0,0005355030	0,0003722400	204,0000000000
5,2000000000	0,0005214300	0,0003616953	192,0000000000
3,9000000000	0,0005067024	0,0003571623	180,0000000000
2,7000000000	0,0004918693	0,0003637942	168,0000000000
1,5000000000	0,0004827582	0,0003473118	156,0000000000
0,2000000000	0,0004831172	0,0003307732	144,0000000000
-1,0000000000	0,0004650007	0,0003177423	132,0000000000
-2,2000000000	0,0004460713	0,0003004893	120,0000000000
-3,3000000000	0,0004342786	0,0002834993	108,0000000000
-4,5000000000	0,0004239113	0,0002760527	96,0000000000
-5,7000000000	0,0004117808	0,0002684717	84,0000000000
-6,8000000000	0,0003963881	0,0002442237	72,0000000000
-8,1000000000	0,0003874038	0,0002047415	60,0000000000
-9,2000000000	0,0003769731	0,0001378749	48,0000000000
-10,5000000000	0,0004274375	0,0000340584	36,0000000000
-11,6000000000	0,0005628889	-0,0000912811	24,0000000000
-12,9000000000	0,0006664464	-0,0001849482	12,0000000000
-14,1000000000	0,0007154433	-0,0002238666	0,0000000000
-15,3000000000	0,0007549597	-0,0002414466	-12,0000000000
-16,5000000000	0,0007682303	-0,0002464330	-24,0000000000
-17,7000000000	0,0007562054	-0,0002579630	-36,0000000000
-18,9000000000	0,0007549174	-0,0002635615	-48,0000000000
-20,1000000000	0,0007547063	-0,0002732414	-60,0000000000
-21,3000000000	0,0007551497	-0,0002800880	-72,0000000000
-22,5000000000	0,0007540517	-0,0002876129	-84,0000000000
-23,8000000000	0,0007518452	-0,0002835334	-96,0000000000
-24,9000000000	0,0007454791	-0,0002812619	-108,0000000000
-26,2000000000	0,0007518452	-0,0002907532	-120,0000000000
-27,4000000000	0,0007434732	-0,0002916121	-132,0000000000
-28,6000000000	0,0007291152	-0,0002878035	-144,0000000000
-29,8000000000	0,0007280383	-0,0002919151	-156,0000000000
-31,0000000000	0,0007275949	-0,0002933678	-168,0000000000
-32,3000000000	0,0007398626	-0,0002869667	-180,0000000000
-33,5000000000	0,0007307832	-0,0002986232	-192,0000000000
-34,7000000000	0,0007145987	-0,0003040712	-204,0000000000
-35,9000000000	0,0007194129	-0,0002919933	-216,0000000000
-37,1000000000	0,0007233403	-0,0002964039	-228,0000000000
-38,3000000000	0,0007236570	-0,0003032324	-240,0000000000
-39,5000000000	0,0007320079	-0,0002962333	-252,0000000000
-40,7000000000	0,0007337604	-0,0002983563	-264,0000000000
-42,0000000000	0,0007251561	-0,0002980673	-276,0000000000
-43,2000000000	0,0007160029	-0,0002946661	-288,0000000000
-44,4000000000	0,0007147360	-0,0002967309	-300,0000000000
-45,6000000000	0,0007113893	-0,0002971704	-312,0000000000
-46,8000000000	0,0007096684	-0,0003050725	-324,0000000000
-48,1000000000	0,0007144615	-0,0003179911	-336,0000000000
-49,3000000000	0,0007120016	-0,0003081065	-348,0000000000
-50,6000000000	0,0007070396	-0,0003113552	-360,0000000000
-51,8000000000	0,0007015498	-0,0003066216	-372,0000000000
-53,0000000000	0,0007005679	-0,0003045427	-384,0000000000
-54,3000000000	0,0007014442	-0,0003170921	-396,0000000000
-55,5000000000	0,0007084966	-0,0003073921	-408,0000000000
-56,8000000000	0,0006980447	-0,0003062022	-420,0000000000
-57,9000000000	0,0006941596	-0,0003095773	-432,0000000000
-59,2000000000	0,0006941385	-0,0003021869	-444,0000000000
-60,4000000000	0,0007011169	-0,0003035454	-456,0000000000
-61,7000000000	0,0006974218	-0,0003044464	-468,0000000000
-62,9000000000	0,0006983720	-0,0003042999	-480,0000000000
-64,1000000000	0,0006975485	-0,0003110803	-492,0000000000
-65,4000000000	0,0006906757	-0,0003120374	-504,0000000000
-66,7000000000	0,0006925866	-0,0003038564	-516,0000000000
-67,9000000000	0,0007039041	-0,0003060116	-528,0000000000
-69,2000000000	0,0007098373	-0,0003025100	-540,0000000000
-70,4000000000	0,0006977175	-0,0003092422	-552,0000000000
-71,6000000000	0,0006905173	-0,0003142447	-564,0000000000
-72,9000000000	0,0006921748	-0,0003163778	-576,0000000000
-74,0000000000	0,0006911824	-0,0003210191	-588,0000000000
-75,3000000000	0,0006939485	-0,0003132514	-600,0000000000
-76,6000000000	0,0006876351	-0,0003087145	-612,0000000000
-77,8000000000	0,0006792209	-0,0003135765	-624,0000000000
-79,1000000000	0,0006825359	-0,0003202385	-636,0000000000
-80,3000000000	0,0006908974	-0,0003170058	-648,0000000000
-81,5000000000	0,0006936106	-0,0003091419	-660,0000000000
-82,8000000000	0,0006935895	-0,0003133397	-672,0000000000
-84,0000000000	0,0006911719	-0,0003207221	-684,0000000000
-85,3000000000	0,0006825465	-0,0003140902	-696,0000000000
-86,5000000000	0,0006857348	-0,0003059574	-708,0000000000
-87,7000000000	0,0006951837	-0,0003107351	-720,0000000000
-89,0000000000	0,0006948458	-0,0003153243	-732,0000000000
-90,2000000000	0,0006891237	-0,0003200519	-744,0000000000
-91,4000000000	0,0006830216	-0,0003146641	-756,0000000000
-92,7000000000	0,0006766132	-0,0003146360	-768,0000000000
-94,0000000000	0,0006698142	-0,0003112589	-780,0000000000
-95,1000000000	0,0006848902	-0,0003111024	-792,0000000000
-96,4000000000	0,0006913302	-0,0003132334	-804,0000000000
-97,6000000000	0,0006862521	-0,0003186974	-816,0000000000
-98,9000000000	0,0006915942	-0,0003240912	-828,0000000000
-100,1000000000	0,0006883108	-0,0003158721	-840,0000000000
-101,4000000000	0,0006845313	-0,0003028953	-852,0000000000
-102,6000000000	0,0006743223	-0,0003028331	-864,0000000000
-103,8000000000	0,0006701204	-0,0003094569	-876,0000000000
-105,1000000000	0,0006825465	-0,0003115137	-888,0000000000
-106,3000000000	0,0006875718	-0,0003091258	-900,0000000000
-107,6000000000	0,0006803611	-0,0003062002	-912,0000000000
-108,8000000000	0,0006803400	-0,0003106529	-924,0000000000
-110,1000000000	0,0006845101	-0,0003082108	-936,0000000000
-111,4000000000	0,0006814063	-0,0003108917	-948,0000000000
-112,6000000000	0,0006728337	-0,0003194880	-960,0000000000
-113,8000000000	0,0006732560	-0,0003173771	-972,0000000000
-115,0000000000	0,0006817758	-0,0003102897	-984,0000000000
-116,3000000000	0,0006908024	-0,0003138293	-996,0000000000
-117,5000000000	0,0006852914	-0,0003110281	-1008,0000000000
-118,8000000000	0,0006805089	-0,0003159102	-1020,0000000000
-120,0000000000	0,0006838873	-0,0003196445	-1032,0000000000
-121,3000000000	0,0006800021	-0,0003177724	-1044,0000000000
-122,5000000000	0,0006749240	-0,0003174272	-1056,0000000000
-123,7000000000	0,0006803611	-0,0003122662	-1068,0000000000
-125,0000000000	0,0006826415	-0,0003102154	-1080,0000000000
-126,2000000000	0,0006911191	-0,0003065393	-1092,0000000000
-127,5000000000	0,0006994911	-0,0003151377	-1104,0000000000
-128,6000000000	0,0007005679	-0,0003212338	-1116,0000000000
-130,0000000000	0,0006850169	-0,0003138213	-1128,0000000000
-131,2000000000	0,0006791048	-0,0003049079	-1140,0000000000
-132,4000000000	0,0006755047	-0,0003095713	-1152,0000000000
-133,6000000000	0,0006645672	-0,0003146561	-1164,0000000000
-134,9000000000	0,0006715984	-0,0003206579	-1176,0000000000
-136,1000000000	0,0006819236	-0,0003236297	-1188,0000000000
-137,4000000000	0,0006758953	-0,0003162012	-1200,0000000000
-137,5000000000	0,0006759586	-0,0003097599	-1200,0000000000
-136,3000000000	0,0006847107	-0,0003177964	-1188,0000000000
-135,2000000000	0,0006861465	-0,0003252129	-1176,0000000000
-134,0000000000	0,0006748290	-0,0003226163	-1164,0000000000
-132,8000000000	0,0006767821	-0,0003203930	-1152,0000000000
-131,7000000000	0,0006810579	-0,0003134120	-1140,0000000000
-130,5000000000	0,0006790731	-0,0003068744	-1128,0000000000
-129,3000000000	0,0006764865	-0,0003125010	-1116,0000000000
-128,1000000000	0,0006744912	-0,0003185730	-1104,0000000000
-127,0000000000	0,0006831377	-0,0003200860	-1092,0000000000
-125,7000000000	0,0006808573	-0,0003142608	-1080,0000000000
-124,6000000000	0,0006831060	-0,0003043541	-1068,0000000000
-123,4000000000	0,0006837922	-0,0003141263	-1056,0000000000
-122,2000000000	0,0006876668	-0,0003176901	-1044,0000000000
-120,9000000000	0,0006892926	-0,0003104201	-1032,0000000000
-119,8000000000	0,0006879519	-0,0003162012	-1020,0000000000
-118,6000000000	0,0006888492	-0,0003125311	-1008,0000000000
-117,4000000000	0,0006839823	-0,0003151316	-996,0000000000
-116,2000000000	0,0006776478	-0,0003205295	-984,0000000000
-115,0000000000	0,0006844574	-0,0003130588	-972,0000000000
-113,8000000000	0,0006802238	-0,0003190947	-960,0000000000
-112,5000000000	0,0006806884	-0,0003237160	-948,0000000000
-111,4000000000	0,0006871389	-0,0003146159	-936,0000000000
-110,1000000000	0,0006861677	-0,0003105505	-924,0000000000
-109,0000000000	0,0006743223	-0,0003142327	-912,0000000000
-107,8000000000	0,0006699093	-0,0003127699	-900,0000000000
-106,5000000000	0,0006741322	-0,0003035514	-888,0000000000
-105,4000000000	0,0006792631	-0,0002994459	-876,0000000000
-104,1000000000	0,0006849958	-0,0003094770	-864,0000000000
-102,9000000000	0,0006866322	-0,0003078516	-852,0000000000
-101,8000000000	0,0006840245	-0,0003089051	-840,0000000000
-100,6000000000	0,0006874873	-0,0003185991	-828,0000000000
-99,3000000000	0,0006891237	-0,0003144835	-816,0000000000
-98,2000000000	0,0006930616	-0,0003081566	-804,0000000000
-96,9000000000	0,0006890182	-0,0003127759	-792,0000000000
-95,7000000000	0,0006805722	-0,0003133518	-780,0000000000
-94,5000000000	0,0006836444	-0,0003113231	-768,0000000000
-93,3000000000	0,0006829265	-0,0003075326	-756,0000000000
-92,1000000000	0,0006813218	-0,0003218639	-744,0000000000
-90,9000000000	0,0006788303	-0,0003183262	-732,0000000000
-89,7000000000	0,0006811001	-0,0003119491	-720,0000000000
-88,4000000000	0,0006890393	-0,0003217896	-708,0000000000
-87,2000000000	0,0006939168	-0,0003234049	-696,0000000000
-86,0000000000	0,0006923437	-0,0003207241	-684,0000000000
-84,8000000000	0,0006830110	-0,0003144454	-672,0000000000
-83,5000000000	0,0006874979	-0,0003095954	-660,0000000000
-82,4000000000	0,0006957221	-0,0003074985	-648,0000000000
-81,1000000000	0,0006897466	-0,0003137029	-636,0000000000
-80,0000000000	0,0006857348	-0,0003168092	-624,0000000000
-78,7000000000	0,0006846157	-0,0003208084	-612,0000000000
-77,5000000000	0,0006900105	-0,0003138394	-600,0000000000
-76,3000000000	0,0006874451	-0,0003077553	-588,0000000000
-75,1000000000	0,0006876140	-0,0003155269	-576,0000000000
-73,9000000000	0,0006917842	-0,0003176078	-564,0000000000
-72,5000000000	0,0006992166	-0,0003043079	-552,0000000000
-71,4000000000	0,0007072613	-0,0002998633	-540,0000000000
-70,2000000000	0,0007031123	-0,0003121919	-528,0000000000
-69,0000000000	0,0007017821	-0,0003072516	-516,0000000000
-67,8000000000	0,0006917208	-0,0003091961	-504,0000000000
-66,6000000000	0,0006892082	-0,0003074704	-492,0000000000
-65,3000000000	0,0006865583	-0,0003103900	-480,0000000000
-64,1000000000	0,0006872973	-0,0003140882	-468,0000000000
-62,9000000000	0,0006942652	-0,0003165965	-456,0000000000
-61,7000000000	0,0006973479	-0,0003087466	-444,0000000000
-60,5000000000	0,0007040519	-0,0002995944	-432,0000000000
-59,2000000000	0,0007010430	-0,0003044645	-420,0000000000
-58,0000000000	0,0006986148	-0,0003182620	-408,0000000000
-56,8000000000	0,0007011697	-0,0003276770	-396,0000000000
-55,5000000000	0,0007098796	-0,0003258610	-384,0000000000
-54,3000000000	0,0007001668	-0,0003224398	-372,0000000000
-53,1000000000	0,0006965456	-0,0003150032	-360,0000000000
-51,9000000000	0,0007069129	-0,0003075587	-348,0000000000
-50,7000000000	0,0007101435	-0,0003059774	-336,0000000000
-49,5000000000	0,0007028483	-0,0003098883	-324,0000000000
-48,2000000000	0,0007034079	-0,0003149470	-312,0000000000
-47,0000000000	0,0007100907	-0,0003236598	-300,0000000000
-45,7000000000	0,0007098585	-0,0003192573	-288,0000000000
-44,6000000000	0,0007137858	-0,0003118147	-276,0000000000
-43,3000000000	0,0007173225	-0,0003071413	-264,0000000000
-42,1000000000	0,0007100802	-0,0002958320	-252,0000000000
-40,9000000000	0,0007162879	-0,0002995583	-240,0000000000
-39,7000000000	0,0007233719	-0,0003086683	-228,0000000000
-38,5000000000	0,0007180404	-0,0003090335	-216,0000000000
-37,3000000000	0,0007170903	-0,0003114896	-204,0000000000
-36,1000000000	0,0007218939	-0,0003126755	-192,0000000000
-34,9000000000	0,0007348901	-0,0003039909	-180,0000000000
-33,7000000000	0,0007417735	-0,0002965202	-168,0000000000
-32,5000000000	0,0007377828	-0,0003024398	-156,0000000000
-31,2000000000	0,0007357241	-0,0003087827	-144,0000000000
-30,0000000000	0,0007385640	-0,0003039327	-132,0000000000
-28,8000000000	0,0007470627	-0,0003032826	-120,0000000000
-27,6000000000	0,0007435155	-0,0003124588	-108,0000000000
-26,4000000000	0,0007404010	-0,0003055781	-96,0000000000
-25,2000000000	0,0007439694	-0,0002959885	-84,0000000000
-24,0000000000	0,0007450674	-0,0003036538	-72,0000000000
-22,8000000000	0,0007415201	-0,0003068343	-60,0000000000
-21,6000000000	0,0007531121	-0,0003060236	-48,0000000000
-20,4000000000	0,0007594994	-0,0003008204	-36,0000000000
-19,2000000000	0,0007519297	-0,0002910703	-24,0000000000
-18,0000000000	0,0007512540	-0,0002845889	-12,0000000000
-16,8000000000	0,0007596788	-0,0002751016	0,0000000000
-15,6000000000	0,0007596472	-0,0002767992	12,0000000000
-14,4000000000	0,0007748393	-0,0002903780	24,0000000000
-13,2000000000	0,0007895352	-0,0002844043	36,0000000000
-11,9000000000	0,0007914672	-0,0002738073	48,0000000000
-10,8000000000	0,0007940643	-0,0002690015	60,0000000000
-9,6000000000	0,0007922273	-0,0002693165	72,0000000000
-8,4000000000	0,0007965875	-0,0002671734	84,0000000000
-7,2000000000	0,0008250503	-0,0002631562	96,0000000000
-6,1000000000	0,0008478859	-0,0002553424	108,0000000000
-4,9000000000	0,0008562790	-0,0002548287	120,0000000000
-3,7000000000	0,0008552339	-0,0002478597	132,0000000000
-2,5000000000	0,0008652106	-0,0002247776	144,0000000000
-1,3000000000	0,0008766548	-0,0002222512	156,0000000000
-0,1000000000	0,0008947924	-0,0002155270	168,0000000000
1,2000000000	0,0008971362	-0,0001978588	180,0000000000
2,4000000000	0,0009032384	-0,0001888992	192,0000000000
3,7000000000	0,0009217983	-0,0001799577	204,0000000000
4,9000000000	0,0009425858	-0,0001619563	216,0000000000
6,1000000000	0,0009605123	-0,0001339800	228,0000000000
7,4000000000	0,0009731706	-0,0001047576	240,0000000000
8,7000000000	0,0009849315	-0,0000671877	252,0000000000
9,9000000000	0,0009683986	0,0000054620	264,0000000000
11,1000000000	0,0008851324	0,0001268746	276,0000000000
12,4000000000	0,0007590137	0,0002378467	288,0000000000
13,6000000000	0,0006690858	0,0003053735	300,0000000000
14,9000000000	0,0006230766	0,0003392733	312,0000000000
16,1000000000	0,0005936109	0,0003478556	324,0000000000
17,4000000000	0,0005960075	0,0003606097	336,0000000000
18,5000000000	0,0006015607	0,0003773148	348,0000000000
19,8000000000	0,0005938538	0,0003880020	360,0000000000
21,0000000000	0,0005964509	0,0003871733	372,0000000000
22,4000000000	0,0006091725	0,0003850423	384,0000000000
23,6000000000	0,0006099221	0,0003901471	396,0000000000
24,9000000000	0,0006113790	0,0004011414	408,0000000000
26,1000000000	0,0006100171	0,0004115778	420,0000000000
27,4000000000	0,0006095737	0,0004099926	432,0000000000
28,6000000000	0,0006158554	0,0004022531	444,0000000000
29,9000000000	0,0006219998	0,0004038002	456,0000000000
31,1000000000	0,0006264233	0,0004017193	468,0000000000
32,4000000000	0,0006274263	0,0003876549	480,0000000000
33,6000000000	0,0006200572	0,0003900849	492,0000000000
34,8000000000	0,0006236256	0,0004027728	504,0000000000
36,1000000000	0,0006265078	0,0004108876	516,0000000000
37,3000000000	0,0006246075	0,0004206698	528,0000000000
38,6000000000	0,0006277747	0,0004250162	540,0000000000
39,9000000000	0,0006331062	0,0004134841	552,0000000000
41,1000000000	0,0006452577	0,0004111564	564,0000000000
42,4000000000	0,0006485622	0,0004169516	576,0000000000
43,7000000000	0,0006407075	0,0004113190	588,0000000000
45,0000000000	0,0006423967	0,0004132714	600,0000000000
46,2000000000	0,0006484672	0,0004223955	612,0000000000
47,4000000000	0,0006567020	0,0004230115	624,0000000000
48,7000000000	0,0006573354	0,0004161931	636,0000000000
49,9000000000	0,0006481505	0,0004166385	648,0000000000
51,2000000000	0,0006418582	0,0004155991	660,0000000000
52,4000000000	0,0006488895	0,0004093304	672,0000000000
53,7000000000	0,0006553400	0,0004087284	684,0000000000
55,0000000000	0,0006651901	0,0004106106	696,0000000000
56,2000000000	0,0006627513	0,0004151958	708,0000000000
57,4000000000	0,0006592780	0,0004194538	720,0000000000
58,7000000000	0,0006557940	0,0004112829	732,0000000000
59,9000000000	0,0006521200	0,0004133457	744,0000000000
61,2000000000	0,0006595419	0,0004232323	756,0000000000
62,4000000000	0,0006630997	0,0004169736	768,0000000000
63,7000000000	0,0006686213	0,0004069546	780,0000000000
64,9000000000	0,0006700254	0,0004202725	792,0000000000
66,1000000000	0,0006688641	0,0004283472	804,0000000000
67,3000000000	0,0006644511	0,0004234269	816,0000000000
68,6000000000	0,0006620229	0,0004196505	828,0000000000
69,9000000000	0,0006639443	0,0004145235	840,0000000000
71,0000000000	0,0006705427	0,0004134701	852,0000000000
72,3000000000	0,0006774156	0,0004123283	864,0000000000
73,5000000000	0,0006764971	0,0004156292	876,0000000000
74,8000000000	0,0006680195	0,0004226504	888,0000000000
76,0000000000	0,0006626880	0,0004195561	900,0000000000
77,3000000000	0,0006641977	0,0004206598	912,0000000000
78,5000000000	0,0006693603	0,0004237821	924,0000000000
79,8000000000	0,0006714823	0,0004209287	936,0000000000
81,0000000000	0,0006675022	0,0004167027	948,0000000000
82,3000000000	0,0006626458	0,0004178606	960,0000000000
83,5000000000	0,0006575888	0,0004191629	972,0000000000
84,8000000000	0,0006641344	0,0004143149	984,0000000000
86,0000000000	0,0006809206	0,0004223775	996,0000000000
87,2000000000	0,0006837289	0,0004298561	1008,0000000000
88,4000000000	0,0006680089	0,0004268462	1020,0000000000
89,7000000000	0,0006688113	0,0004203708	1032,0000000000
90,9000000000	0,0006717568	0,0004224377	1044,0000000000
92,2000000000	0,0006729392	0,0004272375	1056,0000000000
93,4000000000	0,0006679878	0,0004279498	1068,0000000000
94,7000000000	0,0006648523	0,0004368673	1080,0000000000
95,9000000000	0,0006719891	0,0004371382	1092,0000000000
97,1000000000	0,0006844890	0,0004234630	1104,0000000000
98,4000000000	0,0006815435	0,0004216711	1116,0000000000
99,6000000000	0,0006710706	0,0004253031	1128,0000000000
100,8000000000	0,0006751880	0,0004351295	1140,0000000000
102,1000000000	0,0006790836	0,0004309337	1152,0000000000
103,3000000000	0,0006720630	0,0004188137	1164,0000000000
104,6000000000	0,0006734460	0,0004116360	1176,0000000000
105,7000000000	0,0006784819	0,0004140680	1188,0000000000
106,9000000000	0,0006750085	0,0004256282	1200,0000000000
107,1000000000	0,0006768666	0,0004218597	1200,0000000000



Lock-in
TC : 1.0E+00

Sensibilité : 0.0000001000
Gain : 40

22/02/2008 12:52:25